

TORRETTA destra
guida: 500
position: [1.945615291595459, -1.7972446880736292, 2.014900509511129, -3.9705144367613734, -1.8596480528460901, -4.904298130665914]



position: [1.9494023323059082, -1.7949019871153773, 2.119911495839254, -3.608400960961813, -0.7187894026385706, -3.1819382349597376]
